b0=1;
b1=2;
b2=-1;
a0=1;
a1=1;
a2=-1;